49,5
49,3
46,2
51,52
51,51
51,50
51,49
51,48
51,47
51,46
51,45
51,44
51,43
51,42
51,41
51,40
51,39
51,38
51,37
51,36
0,273
0,270
51,35
3,2
3,1
3,3
10,130
10,180
10,204
10,132
10,82
10,274
10,226
10,2
10,3
11,24
11,26
11,8
11,4
11,27
9,7
9,2
9,3
8,18
8,17
8,14
8,6
8,5
8,2
8,3
49,4
49,1
46,4
46,3
46,1
42,3
42,1
41,3
41,1
33,5
33,4
33,3
33,2
33,1
33,0
30,4
30,3
30,2
30,1
30,0
28,3
28,2
28,1
28,0
25,3
25,2
25,1
25,0
24,3
24,2
24,1
24,0
20,3
20,2
20,1
19,3
19,2
19,1
17,3
17,2
17,1
16,3
18,1
16,2
18,3
16,1
15,3
15,1
14,3
14,1
13,3
13,1
12,3
12,2
12,1
11,30
11,25
11,23
11,22
11,21
11,18
11,16
11,14
